19   0   366453   356824   376082 12.1 11.8 12.4   106192   101134   111250 14.9 14.2 15.6    71253    66857    75649 13.7 12.9 14.5  54843  54080  55606   31492   29049   33935 16.3 15.0 17.6 Iowa                                          IA est15_IA.txt 22NOV2016
19   1      839      681      997 11.9  9.7 14.1      249      195      303 16.5 12.9 20.1      165      125      205 14.0 10.6 17.4  51531  46792  56270                                        Adair County                                  IA est15_IA.txt 22NOV2016
19   3      468      367      569 12.5  9.8 15.2      162      125      199 20.2 15.6 24.8      112       83      141 20.3 15.1 25.5  48162  43537  52787                                        Adams County                                  IA est15_IA.txt 22NOV2016
19   5     1465     1124     1806 10.8  8.3 13.3      520      401      639 17.0 13.1 20.9      355      263      447 16.1 12.0 20.2  47756  43558  51954                                        Allamakee County                              IA est15_IA.txt 22NOV2016
19   7     2037     1643     2431 16.5 13.3 19.7      682      535      829 25.2 19.8 30.6      473      362      584 24.0 18.4 29.6  41018  38211  43825                                        Appanoose County                              IA est15_IA.txt 22NOV2016
19   9      578      451      705 10.3  8.0 12.6      177      136      218 15.3 11.8 18.8      121       91      151 13.8 10.3 17.3  50948  46407  55489                                        Audubon County                                IA est15_IA.txt 22NOV2016
19  11     2102     1693     2511  8.3  6.7  9.9      624      486      762 10.3  8.0 12.6      419      315      523  9.2  6.9 11.5  65127  59754  70500                                        Benton County                                 IA est15_IA.txt 22NOV2016
19  13    18161    15683    20639 14.2 12.3 16.1     4759     3831     5687 16.8 13.5 20.1     3192     2495     3889 16.0 12.5 19.5  50335  48098  52572                                        Black Hawk County                             IA est15_IA.txt 22NOV2016
19  15     2298     1812     2784  8.8  6.9 10.7      638      489      787 11.4  8.8 14.0      436      325      547 10.4  7.7 13.1  58010  54434  61586                                        Boone County                                  IA est15_IA.txt 22NOV2016
19  17     1791     1474     2108  7.8  6.4  9.2      375      296      454  7.1  5.6  8.6      252      193      311  6.3  4.8  7.8  65295  60382  70208                                        Bremer County                                 IA est15_IA.txt 22NOV2016
19  19     2135     1704     2566 10.3  8.2 12.4      787      612      962 14.4 11.2 17.6      526      397      655 13.2 10.0 16.4  55848  51492  60204                                        Buchanan County                               IA est15_IA.txt 22NOV2016
19  21     2645     2170     3120 13.7 11.2 16.2      953      778     1128 19.1 15.6 22.6      629      494      764 18.3 14.4 22.2  51991  47442  56540                                        Buena Vista County                            IA est15_IA.txt 22NOV2016
19  23     1340     1073     1607  9.2  7.4 11.0      402      313      491 11.8  9.2 14.4      262      196      328 10.4  7.8 13.0  54947  51735  58159                                        Butler County                                 IA est15_IA.txt 22NOV2016
19  25     1138      907     1369 12.5 10.0 15.0      332      260      404 16.5 12.9 20.1      235      180      290 16.0 12.2 19.8  49206  45590  52822                                        Calhoun County                                IA est15_IA.txt 22NOV2016
19  27     1739     1379     2099  8.7  6.9 10.5      511      396      626 10.5  8.1 12.9      340      254      426  9.7  7.3 12.1  58575  56194  60956                                        Carroll County                                IA est15_IA.txt 22NOV2016
19  29     1823     1466     2180 13.9 11.2 16.6      588      461      715 19.7 15.4 24.0      396      300      492 17.5 13.2 21.8  45915  41937  49893                                        Cass County                                   IA est15_IA.txt 22NOV2016
19  31     1317     1019     1615  7.3  5.7  8.9      397      307      487  9.7  7.5 11.9      270      202      338  8.6  6.4 10.8  60120  56018  64222                                        Cedar County                                  IA est15_IA.txt 22NOV2016
19  33     5155     4231     6079 12.3 10.1 14.5     1273     1000     1546 14.7 11.6 17.8      847      648     1046 13.5 10.3 16.7  50208  46842  53574                                        Cerro Gordo County                            IA est15_IA.txt 22NOV2016
19  35     1149      901     1397 10.3  8.1 12.5      334      260      408 14.2 11.1 17.3      225      169      281 13.4 10.1 16.7  52879  47947  57811                                        Cherokee County                               IA est15_IA.txt 22NOV2016
19  37     1015      771     1259  8.5  6.5 10.5      384      295      473 13.6 10.5 16.7      261      194      328 12.4  9.2 15.6  57559  52315  62803                                        Chickasaw County                              IA est15_IA.txt 22NOV2016
19  39     1074      835     1313 11.8  9.2 14.4      406      314      498 18.2 14.1 22.3      277      207      347 17.2 12.9 21.5  49424  44738  54110                                        Clarke County                                 IA est15_IA.txt 22NOV2016
19  41     1878     1549     2207 11.6  9.6 13.6      585      475      695 15.7 12.7 18.7      382      304      460 13.9 11.0 16.8  52584  47328  57840                                        Clay County                                   IA est15_IA.txt 22NOV2016
19  43     1951     1570     2332 11.2  9.0 13.4      633      491      775 16.6 12.9 20.3      429      326      532 15.2 11.5 18.9  48598  43883  53313                                        Clayton County                                IA est15_IA.txt 22NOV2016
19  45     6263     5217     7309 13.4 11.2 15.6     1953     1546     2360 18.2 14.4 22.0     1258      949     1567 16.0 12.1 19.9  52945  49671  56219                                        Clinton County                                IA est15_IA.txt 22NOV2016
19  47     2539     2162     2916 15.1 12.9 17.3      787      643      931 18.4 15.0 21.8      497      386      608 16.4 12.7 20.1  51834  46772  56896                                        Crawford County                               IA est15_IA.txt 22NOV2016
19  49     4202     3365     5039  5.3  4.2  6.4     1361     1060     1662  6.0  4.7  7.3      903      681     1125  5.6  4.2  7.0  81381  75881  86881                                        Dallas County                                 IA est15_IA.txt 22NOV2016
19  51     1098      853     1343 12.7  9.9 15.5      521      397      645 21.0 16.0 26.0      370      272      468 20.7 15.2 26.2  49851  45093  54609                                        Davis County                                  IA est15_IA.txt 22NOV2016
19  53     1618     1304     1932 21.7 17.5 25.9      470      367      573 27.1 21.2 33.0      318      238      398 24.3 18.2 30.4  39424  35599  43249                                        Decatur County                                IA est15_IA.txt 22NOV2016
19  55     1743     1410     2076 10.2  8.3 12.1      524      409      639 12.9 10.1 15.7      361      273      449 11.9  9.0 14.8  59260  54737  63783                                        Delaware County                               IA est15_IA.txt 22NOV2016
19  57     5784     4804     6764 14.7 12.2 17.2     2023     1607     2439 22.6 17.9 27.3     1350     1025     1675 20.5 15.6 25.4  50125  46335  53915                                        Des Moines County                             IA est15_IA.txt 22NOV2016
19  59     1459     1175     1743  8.6  6.9 10.3      346      269      423 10.7  8.3 13.1      224      169      279  9.4  7.1 11.7  56869  51352  62386                                        Dickinson County                              IA est15_IA.txt 22NOV2016
19  61    11226     9854    12598 12.0 10.5 13.5     3059     2568     3550 13.9 11.7 16.1     1981     1605     2357 12.3 10.0 14.6  57862  55123  60601                                        Dubuque County                                IA est15_IA.txt 22NOV2016
19  63     1285     1061     1509 13.8 11.4 16.2      377      303      451 19.0 15.3 22.7      246      186      306 17.0 12.9 21.1  46092  41672  50512                                        Emmet County                                  IA est15_IA.txt 22NOV2016
19  65     2497     2012     2982 12.9 10.4 15.4      750      592      908 18.1 14.3 21.9      508      386      630 16.8 12.8 20.8  47615  44168  51062                                        Fayette County                                IA est15_IA.txt 22NOV2016
19  67     2271     1924     2618 14.5 12.3 16.7      654      522      786 18.1 14.4 21.8      446      346      546 16.7 13.0 20.4  49111  44258  53964                                        Floyd County                                  IA est15_IA.txt 22NOV2016
19  69     1203      972     1434 11.9  9.6 14.2      402      314      490 17.3 13.5 21.1      279      210      348 16.1 12.1 20.1  52975  48255  57695                                        Franklin County                               IA est15_IA.txt 22NOV2016
19  71      819      647      991 12.1  9.5 14.7      253      196      310 17.0 13.1 20.9      173      129      217 15.6 11.7 19.5  55421  50705  60137                                        Fremont County                                IA est15_IA.txt 22NOV2016
19  73      986      771     1201 11.1  8.7 13.5      335      258      412 16.5 12.7 20.3      227      169      285 14.9 11.1 18.7  51002  46264  55740                                        Greene County                                 IA est15_IA.txt 22NOV2016
19  75      771      601      941  6.3  4.9  7.7      248      190      306  8.6  6.6 10.6      173      128      218  8.1  6.0 10.2  62423  58583  66263                                        Grundy County                                 IA est15_IA.txt 22NOV2016
19  77     1099      866     1332 10.4  8.2 12.6      321      247      395 13.6 10.5 16.7      224      167      281 12.6  9.4 15.8  54719  51455  57983                                        Guthrie County                                IA est15_IA.txt 22NOV2016
19  79     1647     1336     1958 11.0  8.9 13.1      537      419      655 15.6 12.2 19.0      376      284      468 14.8 11.2 18.4  54042  49283  58801                                        Hamilton County                               IA est15_IA.txt 22NOV2016
19  81     1000      817     1183  9.2  7.5 10.9      300      236      364 12.2  9.6 14.8      206      158      254 11.0  8.4 13.6  56746  51556  61936                                        Hancock County                                IA est15_IA.txt 22NOV2016
19  83     1584     1206     1962  9.6  7.3 11.9      563      432      694 16.5 12.7 20.3      378      280      476 14.9 11.0 18.8  50947  48555  53339                                        Hardin County                                 IA est15_IA.txt 22NOV2016
19  85     1385     1098     1672  9.9  7.9 11.9      420      327      513 13.2 10.3 16.1      278      208      348 11.7  8.8 14.6  57244  53477  61011                                        Harrison County                               IA est15_IA.txt 22NOV2016
19  87     2229     1754     2704 12.0  9.4 14.6      718      556      880 16.4 12.7 20.1      467      347      587 14.5 10.7 18.3  50241  46697  53785                                        Henry County                                  IA est15_IA.txt 22NOV2016
19  89     1010      793     1227 11.0  8.7 13.3      362      281      443 15.7 12.2 19.2      245      183      307 14.6 10.9 18.3  50602  46215  54989                                        Howard County                                 IA est15_IA.txt 22NOV2016
19  91     1011      820     1202 10.8  8.8 12.8      305      238      372 14.5 11.3 17.7      206      156      256 12.9  9.8 16.0  52702  47905  57499                                        Humboldt County                               IA est15_IA.txt 22NOV2016
19  93      728      581      875 10.6  8.5 12.7      213      165      261 13.1 10.2 16.0      146      110      182 12.6  9.5 15.7  53804  48368  59240                                        Ida County                                    IA est15_IA.txt 22NOV2016
19  95     1113      873     1353  6.9  5.4  8.4      308      238      378  8.2  6.3 10.1      210      158      262  7.5  5.6  9.4  63185  59323  67047                                        Iowa County                                   IA est15_IA.txt 22NOV2016
19  97     2481     2030     2932 12.9 10.5 15.3      736      579      893 17.6 13.8 21.4      513      394      632 16.3 12.5 20.1  49956  46055  53857                                        Jackson County                                IA est15_IA.txt 22NOV2016
19  99     3266     2565     3967  9.3  7.3 11.3     1048      808     1288 12.9 10.0 15.8      720      538      902 11.8  8.8 14.8  53765  50209  57321                                        Jasper County                                 IA est15_IA.txt 22NOV2016
19 101     2442     1928     2956 15.3 12.1 18.5      565      438      692 20.0 15.5 24.5      376      279      473 18.4 13.6 23.2  43495  39104  47886                                        Jefferson County                              IA est15_IA.txt 22NOV2016
19 103    24908    22872    26944 18.3 16.8 19.8     3661     3008     4314 12.7 10.4 15.0     2337     1831     2843 11.6  9.1 14.1  57706  53718  61694                                        Johnson County                                IA est15_IA.txt 22NOV2016
19 105     2120     1661     2579 11.1  8.7 13.5      625      488      762 14.3 11.2 17.4      420      318      522 12.8  9.7 15.9  55789  51186  60392                                        Jones County                                  IA est15_IA.txt 22NOV2016
19 107     1211      947     1475 12.1  9.5 14.7      420      328      512 18.1 14.1 22.1      287      217      357 17.1 12.9 21.3  50054  45889  54219                                        Keokuk County                                 IA est15_IA.txt 22NOV2016
19 109     1722     1447     1997 11.6  9.8 13.4      491      398      584 15.1 12.2 18.0      322      251      393 13.3 10.3 16.3  52433  49402  55464                                        Kossuth County                                IA est15_IA.txt 22NOV2016
19 111     5358     4428     6288 15.9 13.1 18.7     1698     1375     2021 22.9 18.6 27.2     1163      916     1410 22.1 17.4 26.8  45428  41531  49325                                        Lee County                                    IA est15_IA.txt 22NOV2016
19 113    23524    20836    26212 11.0  9.7 12.3     6243     5065     7421 12.2  9.9 14.5     4172     3274     5070 11.2  8.8 13.6  58142  55259  61025                                        Linn County                                   IA est15_IA.txt 22NOV2016
19 115     1188      939     1437 10.8  8.5 13.1      407      320      494 15.8 12.4 19.2      279      214      344 14.3 11.0 17.6  53197  48283  58111                                        Louisa County                                 IA est15_IA.txt 22NOV2016
19 117     1259      972     1546 14.7 11.3 18.1      471      363      579 24.1 18.6 29.6      329      245      413 22.3 16.6 28.0  46933  42555  51311                                        Lucas County                                  IA est15_IA.txt 22NOV2016
19 119      859      664     1054  7.4  5.7  9.1      298      230      366  9.1  7.0 11.2      204      152      256  8.4  6.3 10.5  64057  58726  69388                                        Lyon County                                   IA est15_IA.txt 22NOV2016
19 121     1270      998     1542  8.2  6.4 10.0      408      316      500 10.3  8.0 12.6      273      204      342  8.8  6.6 11.0  65294  61644  68944                                        Madison County                                IA est15_IA.txt 22NOV2016
19 123     3115     2652     3578 14.4 12.3 16.5      872      697     1047 16.7 13.4 20.0      608      479      737 15.8 12.5 19.1  50335  46992  53678                                        Mahaska County                                IA est15_IA.txt 22NOV2016
19 125     2940     2368     3512  9.2  7.4 11.0      843      657     1029 10.6  8.3 12.9      565      427      703  9.5  7.2 11.8  57411  52482  62340                                        Marion County                                 IA est15_IA.txt 22NOV2016
19 127     4424     3437     5411 11.3  8.8 13.8     1735     1336     2134 17.3 13.3 21.3     1205      900     1510 16.8 12.5 21.1  53980  50708  57252                                        Marshall County                               IA est15_IA.txt 22NOV2016
19 129     1470     1174     1766 10.3  8.2 12.4      468      367      569 13.5 10.6 16.4      307      230      384 11.5  8.6 14.4  62507  57374  67640                                        Mills County                                  IA est15_IA.txt 22NOV2016
19 131      987      753     1221  9.3  7.1 11.5      377      287      467 14.7 11.2 18.2      257      190      324 13.3  9.8 16.8  61352  57922  64782                                        Mitchell County                               IA est15_IA.txt 22NOV2016
19 133     1155      910     1400 13.2 10.4 16.0      333      259      407 18.0 14.0 22.0      230      173      287 16.4 12.4 20.4  43991  39937  48045                                        Monona County                                 IA est15_IA.txt 22NOV2016
19 135      943      740     1146 12.1  9.5 14.7      296      230      362 16.0 12.4 19.6      203      154      252 14.6 11.1 18.1  48181  43336  53026                                        Monroe County                                 IA est15_IA.txt 22NOV2016
19 137     1339     1070     1608 13.4 10.7 16.1      437      336      538 19.6 15.1 24.1      301      224      378 18.7 13.9 23.5  43210  39269  47151                                        Montgomery County                             IA est15_IA.txt 22NOV2016
19 139     4871     3933     5809 11.5  9.3 13.7     1724     1365     2083 16.2 12.8 19.6     1216      953     1479 15.6 12.2 19.0  53401  49276  57526                                        Muscatine County                              IA est15_IA.txt 22NOV2016
19 141     1258      999     1517  9.2  7.3 11.1      394      305      483 12.3  9.5 15.1      267      200      334 11.2  8.4 14.0  53907  48792  59022                                        O'Brien County                                IA est15_IA.txt 22NOV2016
19 143      577      451      703  9.6  7.5 11.7      209      162      256 14.7 11.4 18.0      149      112      186 14.2 10.7 17.7  54415  49187  59643                                        Osceola County                                IA est15_IA.txt 22NOV2016
19 145     2211     1747     2675 15.7 12.4 19.0      695      542      848 24.0 18.7 29.3      450      342      558 21.9 16.6 27.2  46870  42505  51235                                        Page County                                   IA est15_IA.txt 22NOV2016
19 147     1013      791     1235 11.6  9.1 14.1      314      245      383 15.6 12.2 19.0      212      160      264 14.5 10.9 18.1  48992  44390  53594                                        Palo Alto County                              IA est15_IA.txt 22NOV2016
19 149     2034     1664     2404  8.3  6.8  9.8      615      494      736 10.2  8.2 12.2      434      344      524  9.5  7.5 11.5  61929  57126  66732                                        Plymouth County                               IA est15_IA.txt 22NOV2016
19 151      898      727     1069 13.1 10.6 15.6      325      254      396 20.8 16.2 25.4      227      172      282 19.8 15.0 24.6  47872  43539  52205                                        Pocahontas County                             IA est15_IA.txt 22NOV2016
19 153    54557    49270    59844 11.9 10.7 13.1    17082    14808    19356 14.7 12.7 16.7    11337     9558    13116 13.8 11.6 16.0  60436  58480  62392                                        Polk County                                   IA est15_IA.txt 22NOV2016
19 155    12293    10392    14194 13.5 11.4 15.6     4062     3322     4802 18.7 15.3 22.1     2751     2209     3293 17.5 14.1 20.9  52927  49336  56518                                        Pottawattamie County                          IA est15_IA.txt 22NOV2016
19 157     1840     1428     2252 10.9  8.5 13.3      454      349      559 12.6  9.7 15.5      308      229      387 11.5  8.6 14.4  52861  48732  56990                                        Poweshiek County                              IA est15_IA.txt 22NOV2016
19 159      685      525      845 14.1 10.8 17.4      291      224      358 24.9 19.2 30.6      196      146      246 22.2 16.5 27.9  45870  41772  49968                                        Ringgold County                               IA est15_IA.txt 22NOV2016
19 161     1064      852     1276 10.9  8.7 13.1      320      245      395 14.3 10.9 17.7      214      159      269 12.9  9.6 16.2  52506  48168  56844                                        Sac County                                    IA est15_IA.txt 22NOV2016
19 163    20823    17765    23881 12.4 10.6 14.2     6741     5448     8034 16.7 13.5 19.9     4618     3646     5590 15.9 12.6 19.2  58160  54823  61497                                        Scott County                                  IA est15_IA.txt 22NOV2016
19 165     1069      849     1289  9.2  7.3 11.1      293      227      359 11.3  8.8 13.8      201      151      251 10.2  7.6 12.8  54614  49915  59313                                        Shelby County                                 IA est15_IA.txt 22NOV2016
19 167     2463     1962     2964  7.6  6.1  9.1      744      579      909  8.0  6.2  9.8      488      365      611  7.3  5.5  9.1  62875  58732  67018                                        Sioux County                                  IA est15_IA.txt 22NOV2016
19 169    15717    14262    17172 18.6 16.9 20.3     1519     1192     1846  9.5  7.4 11.6      955      726     1184  8.4  6.4 10.4  51706  49514  53898                                        Story County                                  IA est15_IA.txt 22NOV2016
19 171     1904     1512     2296 11.2  8.9 13.5      670      521      819 16.5 12.8 20.2      442      331      553 14.7 11.0 18.4  59226  56611  61841                                        Tama County                                   IA est15_IA.txt 22NOV2016
19 173      900      724     1076 14.7 11.8 17.6      293      228      358 20.3 15.8 24.8      202      153      251 19.4 14.7 24.1  46466  42020  50912                                        Taylor County                                 IA est15_IA.txt 22NOV2016
19 175     1727     1384     2070 14.3 11.5 17.1      548      431      665 19.6 15.4 23.8      376      288      464 18.4 14.1 22.7  45010  40663  49357                                        Union County                                  IA est15_IA.txt 22NOV2016
19 177     1154      925     1383 15.8 12.7 18.9      415      325      505 24.7 19.3 30.1      278      208      348 23.0 17.2 28.8  43653  40110  47196                                        Van Buren County                              IA est15_IA.txt 22NOV2016
19 179     5472     4430     6514 16.0 13.0 19.0     1702     1344     2060 22.1 17.5 26.7     1134      863     1405 20.2 15.4 25.0  44738  41486  47990                                        Wapello County                                IA est15_IA.txt 22NOV2016
19 181     3641     3013     4269  7.8  6.5  9.1     1071      855     1287  8.9  7.1 10.7      665      504      826  7.3  5.5  9.1  67728  63129  72327                                        Warren County                                 IA est15_IA.txt 22NOV2016
19 183     2378     1960     2796 10.9  9.0 12.8      819      649      989 14.9 11.8 18.0      545      416      674 13.8 10.5 17.1  55283  50270  60296                                        Washington County                             IA est15_IA.txt 22NOV2016
19 185     1030      811     1249 16.4 12.9 19.9      401      313      489 26.2 20.5 31.9      280      212      348 25.5 19.3 31.7  44381  40113  48649                                        Wayne County                                  IA est15_IA.txt 22NOV2016
19 187     5020     4080     5960 14.6 11.9 17.3     1532     1205     1859 19.6 15.4 23.8     1047      796     1298 18.6 14.1 23.1  44922  41043  48801                                        Webster County                                IA est15_IA.txt 22NOV2016
19 189     1103      874     1332 10.8  8.5 13.1      347      269      425 15.0 11.6 18.4      242      182      302 14.1 10.6 17.6  48408  45133  51683                                        Winnebago County                              IA est15_IA.txt 22NOV2016
19 191     1751     1368     2134  9.5  7.4 11.6      367      283      451  9.5  7.3 11.7      249      186      312  8.3  6.2 10.4  59096  55307  62885                                        Winneshiek County                             IA est15_IA.txt 22NOV2016
19 193    13957    11531    16383 14.0 11.6 16.4     5172     4126     6218 19.6 15.6 23.6     3512     2733     4291 18.6 14.5 22.7  50774  48440  53108                                        Woodbury County                               IA est15_IA.txt 22NOV2016
19 195      809      650      968 10.9  8.8 13.0      235      186      284 15.1 11.9 18.3      163      125      201 13.9 10.7 17.1  50761  45879  55643                                        Worth County                                  IA est15_IA.txt 22NOV2016
19 197     1587     1319     1855 12.6 10.5 14.7      530      421      639 18.2 14.5 21.9      370      285      455 17.2 13.3 21.1  49882  46078  53686                                        Wright County                                 IA est15_IA.txt 22NOV2016
